Дата	Случаев	Выздоровело	Смертей	Текущих больных	Случаев +	Выздоровело +	Смертей +	Случаев /	Выздоровело /	Смертей /	Текущих больных /	Случаев +/	Выздоровело +/
15.03	34	1	0	33	34	1	0	2,7	0,1	0,0	2,6	2,7	0,1
16.03	54	1	0	53	20	0	0	4,3	0,1	0,0	4,2	1,6	0,0
17.03	55	1	0	54	1	0	0	4,3	0,1	0,0	4,3	0,1	0,0
18.03	86	1	0	85	31	0	0	6,8	0,1	0,0	6,7	2,4	0,0
19.03	98	1	0	97	12	0	0	7,7	0,1	0,0	7,6	0,9	0,0
20.03	131	1	0	130	33	0	0	10,3	0,1	0,0	10,2	2,6	0,0
21.03	137	8	0	129	6	7	0	10,8	0,6	0,0	10,2	0,5	0,6
22.03	191	8	0	183	54	0	0	15,0	0,6	0,0	14,4	4,3	0,0
23.03	262	9	0	253	71	1	0	20,6	0,7	0,0	19,9	5,6	0,1
24.03	290	9	0	281	28	0	0	22,8	0,7	0,0	22,1	2,2	0,0
25.03	410	15	2	393	120	6	2	32,3	1,2	0,2	31,0	9,5	0,5
26.03	546	15	2	529	136	0	0	43,0	1,2	0,2	41,7	10,7	0,0
27.03	703	18	4	681	157	3	2	55,4	1,4	0,3	53,7	12,4	0,2
28.03	817	28	5	784	114	10	1	64,4	2,2	0,4	61,8	9,0	0,8
29.03	1014	28	6	980	197	0	1	79,9	2,2	0,5	77,2	15,5	0,0
30.03	1226	28	11	1187	212	0	5	96,6	2,2	0,9	93,5	16,7	0,0
31.03	1613	70	11	1532	387	42	0	127,1	5,5	0,9	120,7	30,5	3,3
01.04	1880	115	16	1749	267	45	5	148,1	9,1	1,3	137,8	21,0	3,5
02.04	2475	140	19	2316	595	25	3	195,0	11,0	1,5	182,5	46,9	2,0
03.04	2923	168	20	2735	448	28	1	230,3	13,2	1,6	215,5	35,3	2,2
04.04	3357	194	27	3136	434	26	7	264,5	15,3	2,1	247,1	34,2	2,0
05.04	3893	198	29	3666	536	4	2	306,7	15,6	2,3	288,8	42,2	0,3
06.04	4484	206	29	4249	591	8	0	353,3	16,2	2,3	334,8	46,6	0,6
07.04	5181	222	31	4928	697	16	2	408,2	17,5	2,4	388,3	54,9	1,3
08.04	5841	270	38	5533	660	48	7	460,2	21,3	3,0	435,9	52,0	3,8
09.04	6698	313	38	6347	857	43	0	527,7	24,7	3,0	500,1	67,5	3,4
10.04	7822	350	50	7422	1124	37	12	616,3	27,6	3,9	584,8	88,6	2,9
11.04	8852	449	58	8345	1030	99	8	697,4	35,4	4,6	657,5	81,2	7,8
12.04	10158	687	72	9399	1306	238	14	800,3	54,1	5,7	740,5	102,9	18,8
13.04	11513	837	82	10594	1355	150	10	907,1	65,9	6,5	834,7	106,8	11,8
14.04	13002	1016	95	11891	1489	179	13	1024,4	80,0	7,5	936,9	117,3	14,1
15.04	14776	1205	106	13465	1774	189	11	1164,2	94,9	8,4	1060,9	139,8	14,9
16.04	16146	1394	113	14639	1370	189	7	1272,1	109,8	8,9	1153,4	107,9	14,9
17.04	18105	1517	127	16461	1959	123	14	1426,4	119,5	10,0	1296,9	154,3	9,7
18.04	20754	1679	148	18927	2649	162	21	1635,1	132,3	11,7	1491,2	208,7	12,8
19.04	24324	1763	176	22385	3570	84	28	1916,4	138,9	13,9	1763,6	281,3	6,6
20.04	26350	1838	204	24308	2026	75	28	2076,0	144,8	16,1	1915,2	159,6	5,9
21.04	29433	2057	233	27143	3083	219	29	2318,9	162,1	18,4	2138,5	242,9	17,3
22.04	31981	2267	261	29453	2548	210	28	2519,7	178,6	20,6	2320,5	200,7	16,5
23.04	33940	2448	288	31204	1959	181	27	2674,0	192,9	22,7	2458,5	154,3	14,3
24.04	36897	2735	325	33837	2957	287	37	2907,0	215,5	25,6	2665,9	233,0	22,6
25.04	39509	3047	366	36096	2612	312	41	3112,8	240,1	28,8	2843,9	205,8	24,6
26.04	42480	3175	404	38901	2971	128	38	3346,9	250,1	31,8	3064,9	234,1	10,1
27.04	45351	3524	435	41392	2871	349	31	3573,1	277,6	34,3	3261,1	226,2	27,5
28.04	48426	4130	479	43817	3075	606	44	3815,3	325,4	37,7	3452,2	242,3	47,7
29.04	50646	4610	546	45490	2220	480	67	3990,2	363,2	43,0	3584,0	174,9	37,8
30.04	53739	5135	611	47993	3093	525	65	4233,9	404,6	48,1	3781,2	243,7	41,4
01.05	57300	5766	658	50876	3561	631	47	4514,5	454,3	51,8	4008,4	280,6	49,7
02.05	62658	6374	695	55589	5358	608	37	4936,6	502,2	54,8	4379,7	422,1	47,9
03.05	68606	7029	729	60848	5948	655	34	5405,3	553,8	57,4	4794,0	468,6	51,6
04.05	74401	7573	764	66064	5795	544	35	5861,8	596,7	60,2	5205,0	456,6	42,9
05.05	80115	7870	816	71429	5714	297	52	6312,0	620,1	64,3	5627,7	450,2	23,4
06.05	85973	8458	866	76649	5858	588	50	6773,5	666,4	68,2	6038,9	461,5	46,3
07.05	92676	9227	905	82544	6703	769	39	7301,7	727,0	71,3	6503,4	528,1	60,6
08.05	98522	9996	956	87570	5846	769	51	7762,2	787,6	75,3	6899,4	460,6	60,6
09.05	104189	12516	1010	90663	5667	2520	54	8208,7	986,1	79,6	7143,1	446,5	198,5
10.05	109740	13790	1068	94882	5551	1274	58	8646,1	1086,5	84,1	7475,5	437,3	100,4
11.05	115909	17822	1124	96963	6169	4032	56	9132,1	1404,1	88,6	7639,4	486,0	317,7
12.05	121301	19642	1179	100480	5392	1820	55	9556,9	1547,5	92,9	7916,5	424,8	143,4
13.05	126004	21506	1232	103266	4703	1864	53	9927,5	1694,4	97,1	8136,0	370,5	146,9
14.05	130716	23327	1290	106099	4712	1821	58	10298,7	1837,9	101,6	8359,2	371,2	143,5
15.05	135464	24562	1358	109544	4748	1235	68	10672,8	1935,2	107,0	8630,6	374,1	97,3
16.05	138969	26032	1432	111505	3505	1470	74	10948,9	2051,0	112,8	8785,1	276,1	115,8
17.05	142824	27490	1503	113831	3855	1458	71	11252,7	2165,9	118,4	8968,4	303,7	114,9
18.05	146062	28913	1580	115569	3238	1423	77	11507,8	2278,0	124,5	9105,3	255,1	112,1
19.05	149607	31496	1651	116460	3545	2583	71	11787,1	2481,5	130,1	9175,5	279,3	203,5
20.05	152306	36936	1726	113644	2699	5440	75	11999,7	2910,1	136,0	8953,7	212,6	428,6
