Регион	26.03	27.03	28.03	29.03	30.03	31.03	01.04	02.04	03.04	04.04	05.04	06.04	07.04	08.04	09.04	10.04	11.04	12.04	13.04	14.04	15.04	16.04	17.04	18.04	19.04	20.04	21.04	22.04	23.04	24.04	25.04	26.04	27.04	28.04	29.04	30.04	01.05	02.05	03.05	04.05	05.05	06.05	07.05	08.05	09.05	10.05	11.05	12.05	13.05
Москва	136	157	114	197	212	387	267	595	448	434	536	591	697	660	857	1124	1030	1306	1355	1489	1774	1370	1959	2649	3570	2026	3083	2548	1959	2957	2612	2971	2871	3075	2220	3093	3561	5358	5948	5795	5714	5858	6703	5846	5667	5551	6169	5392	4703
Московская область	0	8	36	27	7	0	15	43	34	49	45	82	67	95	199	182	152	278	495	460	272	467	472	428	709	578	718	631	688	611	605	576	638	523	686	793	797	807	822	803	822	829	842	918	1075	1133	1079	1063	962
Санкт-Петербург	5	0	11	5	8	48	27	22	9	15	20	35	69	34	44	35	80	69	121	121	130	154	424	139	114	86	127	294	191	253	215	151	161	198	290	336	349	323	295	317	226	312	306	375	425	414	307	339	435
Нижегородская область	0	0	3	0	0	1	0	13	0	0	22	9	0	24	7	32	33	42	30	68	47	65	54	59	129	113	101	69	73	94	118	153	207	89	131	150	179	320	252	157	174	272	312	276	294	262	291	354	271
Республика Дагестан	0	1	0	0	3	9	2	10	0	0	0	5	13	1	13	1	26	0	0	16	5	49	59	44	35	39	40	46	37	113	157	103	167	153	84	158	164	109	136	160	128	181	105	96	92	93	119	116	109
Мурманская область	0	0	0	2	2	6	0	4	0	0	0	3	0	25	1	23	0	61	0	0	137	41	8	7	33	46	35	71	97	60	193	105	28	67	70	101	86	143	238	280	127	136	35	50	18	31	45	12	43
Свердловская область	7	0	4	0	0	9	0	5	1	1	0	4	7	5	3	2	13	4	7	8	12	6	4	11	15	8	84	10	28	33	33	58	59	85	90	74	232	81	75	53	133	76	76	155	121	139	108	211	135
Краснодарский край	0	0	8	0	0	0	5	0	17	0	0	11	11	24	20	20	13	31	41	5	24	21	30	45	48	34	44	20	58	84	84	73	57	51	63	66	66	79	82	96	97	97	99	99	98	99	98	99	96
Тульская область	0	1	3	0	1	0	5	0	0	2	10	10	10	5	12	5	0	3	11	0	45	44	25	30	58	22	75	52	25	44	73	66	69	70	90	92	82	88	83	75	75	77	85	90	86	89	86	90	89
Ростовская область	0	1	0	0	0	3	0	4	0	0	0	0	8	4	3	5	9	14	26	20	6	41	23	29	35	60	54	52	71	64	51	65	65	64	86	79	83	80	72	85	90	81	80	80	80	89	88	95	87
Калужская область	0	0	0	0	1	0	0	2	0	1	0	1	4	0	0	7	6	0	10	15	25	28	20	29	37	40	30	72	53	61	69	70	56	67	66	113	121	59	71	81	92	98	79	78	77	89	98	96	94
Рязанская область	0	0	0	1	2	0	0	0	1	6	0	5	0	15	0	6	17	16	18	27	0	38	30	41	42	22	27	76	37	46	64	63	85	101	52	40	43	98	55	61	89	84	86	79	85	88	96	98	97
Республика Татарстан	3	1	3	0	0	5	0	0	6	0	0	16	0	0	9	0	23	0	11	23	0	21	16	16	31	39	50	75	57	14	65	71	70	65	55	71	71	66	71	86	91	102	105	83	88	85	90	71	87
Брянская область	0	0	1	0	0	0	2	0	2	12	0	5	32	1	40	0	26	18	1	0	22	37	27	28	23	42	29	49	60	35	27	78	43	26	115	118	88	73	86	102	37	80	75	72	23	68	73	75	73
Республика Северная Осетия — Алания	0	0	0	0	0	0	2	2	0	1	0	3	1	6	7	5	0	7	0	18	0	0	13	29	26	25	32	34	31	33	30	43	53	148	121	93	73	85	69	79	91	93	89	94	69	70	72	76	78
Республика Башкортостан	0	0	0	1	0	2	1	2	0	0	0	0	2	4	6	18	25	19	23	22	20	42	22	39	0	45	74	25	26	33	35	37	43	61	60	75	77	92	87	80	34	24	83	89	84	75	76	80	49
Ленинградская область	0	0	4	2	2	3	6	11	10	6	10	5	0	32	18	17	5	5	16	35	108	32	24	34	29	37	42	41	39	39	43	42	43	38	53	51	44	46	62	59	53	51	63	91	79	67	66	74	66
Курская область	0	0	0	0	0	0	3	0	1	0	0	0	0	6	10	1	21	1	15	0	31	31	25	25	26	24	22	34	32	37	44	67	69	65	68	68	66	69	67	69	65	67	68	71	71	71	74	70	67
Тамбовская область	0	0	0	0	0	0	3	0	0	1	0	8	0	6	0	12	0	15	0	35	0	50	0	32	22	22	13	18	23	35	45	56	61	33	44	75	63	54	60	53	67	62	75	85	90	91	91	80	85
Красноярский край	3	0	4	0	2	0	6	5	0	0	4	3	0	7	0	0	21	25	25	21	11	60	29	45	24	6	64	22	35	22	18	41	19	47	35	57	48	50	17	42	45	42	23	31	106	73	58	227	93
Кабардино-Балкарская Республика	0	0	0	0	2	0	2	0	0	0	0	0	5	10	0	4	3	5	15	0	0	19	23	22	22	16	18	23	25	25	29	28	29	38	45	44	43	45	90	105	81	105	83	81	79	77	80	76	74
Владимирская область	0	0	0	0	2	0	1	0	0	0	0	2	7	2	24	4	6	23	13	16	45	14	24	15	27	34	21	13	46	42	45	49	43	79	37	35	46	60	55	66	48	57	78	45	42	83	77	61	72
Ямало-Ненецкий автономный округ	0	0	0	0	0	0	0	2	10	0	0	0	18	11	0	0	9	12	4	0	7	22	6	5	10	24	6	3	94	23	37	45	27	12	22	54	51	43	51	104	108	105	93	36	51	72	62	72	49
Республика Ингушетия	0	0	0	0	0	0	0	0	1	0	0	0	6	18	0	4	0	0	5	0	56	63	38	36	42	39	46	43	39	38	41	37	38	43	46	43	47	45	51	53	48	52	49	41	44	47	46	45	43
Республика Чувашия	0	0	0	0	0	0	0	0	0	0	0	2	3	9	2	15	7	11	15	0	13	47	12	27	29	32	10	27	43	43	35	38	42	39	37	47	41	49	55	64	49	48	58	68	63	63	76	62	78
Ярославская область	0	1	0	1	0	0	0	0	0	2	1	0	5	0	2	0	0	14	0	0	12	23	19	24	12	27	43	11	65	42	37	42	25	47	27	23	64	64	76	79	40	51	55	58	58	63	78	83	88
Саратовская область	0	0	1	0	2	0	11	0	4	0	0	0	6	1	4	4	1	7	2	5	7	14	17	11	16	28	26	22	39	16	20	40	22	32	33	46	49	48	50	74	78	98	41	74	57	69	92	64	85
Новосибирская область	1	0	2	1	1	0	1	0	0	0	1	0	0	2	5	3	7	0	8	0	17	11	12	10	22	24	3	16	17	41	38	58	42	60	29	35	55	43	51	61	65	63	67	73	76	75	71	55	74
Республика Мордовия	0	2	0	1	0	0	1	0	0	1	0	1	0	7	4	2	0	23	16	13	0	0	65	62	60	35	34	30	28	39	45	49	42	32	67	39	30	37	43	59	56	54	41	37	47	46	42	35	37
Челябинская область	3	0	4	3	2	0	7	0	2	3	1	4	1	0	2	0	6	0	3	5	3	2	4	4	7	10	14	10	9	57	72	62	58	48	19	67	44	30	63	51	86	44	27	42	70	90	77	94	51
Орловская область	0	1	0	0	0	0	0	0	0	3	0	1	5	0	5	7	5	0	5	7	0	32	12	34	13	43	23	40	11	47	25	42	44	53	38	27	37	32	68	19	75	57	52	58	50	50	64	61	59
Волгоградская область	0	3	0	0	0	0	4	0	0	0	0	7	11	0	0	2	5	5	6	2	1	11	4	17	14	18	23	11	20	21	26	30	30	25	16	31	42	46	42	42	62	69	64	80	102	119	49	74	124
Ставропольский край	3	0	0	0	1	0	0	5	0	0	0	9	19	0	3	10	14	8	12	9	20	28	12	54	23	12	22	11	55	26	27	36	33	37	28	43	89	25	55	57	36	40	23	56	69	38	34	41	51
Самарская область	2	2	0	0	0	1	0	2	0	0	0	0	0	1	0	2	1	3	5	11	0	10	13	1	15	16	8	12	26	44	24	20	35	8	55	40	25	41	85	60	17	81	67	59	75	74	66	66	79
Оренбургская область	0	0	2	0	1	0	0	5	0	0	0	2	0	8	0	3	0	0	20	8	1	28	38	20	44	0	42	28	23	28	56	16	14	65	37	27	49	22	28	81	28	39	31	49	48	42	49	53	50
Хабаровский край	1	0	0	2	0	1	1	0	1	0	1	0	5	8	0	4	1	0	14	0	23	14	18	38	38	30	28	29	38	41	28	27	33	28	31	38	30	29	34	39	31	39	43	40	41	34	39	42	46
Республика Марий Эл	0	0	0	0	2	0	0	2	0	0	0	9	0	27	1	22	0	7	10	11	27	29	32	40	43	29	20	22	15	29	30	24	31	38	35	31	31	31	40	49	33	33	31	31	37	21	25	36	32
Приморский край	0	0	0	0	0	2	1	0	2	0	0	0	1	7	5	0	3	1	4	4	4	4	9	18	13	17	7	62	19	35	34	24	24	45	20	36	27	25	39	53	88	49	43	36	45	48	51	48	53
Липецкая область	0	0	3	1	1	0	1	4	3	0	0	8	0	18	4	7	3	5	6	5	11	11	12	21	20	20	20	24	25	25	21	22	24	26	28	31	3	35	39	43	47	46	47	49	49	48	48	47	46
Воронежская область	0	0	0	0	0	2	4	0	0	2	0	9	0	10	0	4	0	12	11	8	7	14	19	22	26	24	31	25	25	30	22	25	20	62	39	34	36	36	37	34	31	30	34	35	43	39	51	44	40
Тверская область	0	0	0	0	1	0	1	0	1	0	0	2	0	4	7	5	7	0	44	0	42	34	37	49	33	26	33	27	27	29	29	23	34	9	11	17	29	46	51	19	29	44	16	15	38	45	31	34	10
Ивановская область	0	1	5	0	2	0	2	0	2	10	0	10	14	0	13	0	2	18	6	10	25	15	13	15	19	20	10	12	14	8	16	11	8	14	31	32	44	31	22	29	32	20	58	58	26	79	85	68	10
Смоленская область	0	0	1	0	0	0	0	0	0	1	0	1	0	4	4	2	4	0	4	34	51	26	7	13	21	16	19	36	7	11	17	10	35	45	34	26	26	44	9	12	14	1	55	56	22	70	164	9	97
Тюменская область	0	0	0	1	0	2	0	0	5	0	0	0	7	0	1	3	8	9	14	14	18	27	34	39	42	27	36	29	22	16	17	12	13	5	16	15	7	16	37	66	28	69	25	24	23	73	29	70	75
Ульяновская область	0	0	0	0	0	0	0	0	0	0	0	1	2	0	2	34	22	8	16	0	18	19	15	19	11	19	0	9	32	25	27	27	24	29	19	27	23	32	38	29	16	29	32	76	84	42	41	38	46
Кировская область	0	1	0	1	3	0	0	0	3	3	0	0	2	0	8	1	6	1	15	0	13	9	18	20	39	19	19	28	24	36	40	46	26	35	43	27	18	32	42	33	26	17	25	32	43	46	28	41	20
Белгородская область	0	0	0	1	3	0	0	1	0	1	0	4	3	4	0	8	0	5	0	10	4	13	12	11	9	22	10	22	32	26	19	21	27	30	28	28	28	36	35	31	39	16	34	39	46	48	91	54	90
Республика Коми	0	0	0	4	15	0	32	2	0	3	0	31	11	18	31	58	0	0	0	97	97	39	14	19	7	10	16	20	15	11	8	17	12	7	14	10	28	7	20	6	16	28	56	11	10	20	21	3	12
Пензенская область	0	0	0	5	0	5	4	0	11	0	0	5	19	1	0	15	0	0	17	0	16	7	12	21	0	25	15	16	15	21	23	6	22	39	42	40	44	33	31	27	30	32	34	43	45	41	38	35	42
Ханты-Мансийский АО	2	0	0	1	0	0	3	0	8	0	3	0	19	3	0	0	0	0	0	15	15	39	18	33	14	13	9	6	12	2	16	41	23	41	28	21	18	9	35	18	41	29	14	32	43	67	84	45	43
Чеченская Республика	0	2	2	4	0	0	1	0	2	3	0	1	1	5	0	0	8	17	2	15	41	3	7	60	44	45	39	20	24	18	22	22	20	18	18	20	19	21	28	30	32	30	29	31	28	26	28	26	28
Астраханская область	0	0	0	0	0	2	0	0	3	0	0	0	0	0	16	0	0	8	1	0	17	13	4	35	24	13	1	11	17	21	25	66	21	8	44	15	19	27	76	17	31	29	25	40	44	58	33	42	44
Пермский край	5	0	1	0	2	0	0	7	1	0	0	0	11	0	9	4	0	15	0	27	27	18	12	26	28	17	22	29	21	31	55	61	20	17	10	19	24	32	39	35	18	25	26	20	16	8	10	28	48
Калининградская область	0	0	3	0	1	0	0	7	0	0	0	0	29	1	3	10	3	5	4	5	5	8	12	11	11	12	6	19	8	18	21	26	28	39	23	32	37	43	41	45	42	17	16	38	34	42	40	19	40
Алтайский край	0	0	0	0	1	1	1	1	0	3	0	5	0	6	3	0	8	0	2	5	3	9	5	10	9	12	43	9	8	8	63	68	27	14	24	34	41	28	47	36	21	33	17	16	20	28	38	20	43
Республика Бурятия	2	0	6	0	5	6	6	5	1	4	0	8	0	7	4	6	1	12	4	9	6	8	3	9	3	0	10	28	10	4	13	6	23	18	18	26	26	28	30	18	34	43	49	19	30	22	50	39	28
Республика Саха (Якутия)	4	0	0	1	0	0	0	0	0	0	0	0	0	1	0	0	3	3	3	1	7	2	3	9	41	19	4	5	12	9	4	11	7	7	17	24	22	34	19	29	20	17	37	52	40	33	41	55	46
Карачаево-Черкесская Республика	0	0	0	0	0	0	0	0	0	0	0	0	3	2	1	3	0	2	2	3	7	7	19	1	17	20	19	39	24	25	46	42	19	13	16	22	46	14	18	11	12	4	6	15	31	18	12	10	12
Новгородская область	0	0	0	2	0	0	0	0	0	0	0	2	0	0	7	6	0	0	8	0	0	27	21	6	18	10	6	26	17	14	15	25	33	10	12	13	18	25	26	24	27	18	21	19	12	28	17	27	14
Республика Хакасия	1	0	0	0	1	0	0	0	0	0	0	2	0	1	0	3	3	0	0	8	6	1	11	8	22	8	8	3	12	3	49	25	8	22	22	4	25	9	6	30	16	22	12	15	36	22	41	37	21
Республика Калмыкия	0	0	0	0	1	1	0	0	5	0	0	0	4	4	8	0	9	0	0	0	3	1	17	14	7	3	0	11	6	10	18	24	12	9	16	9	39	23	29	38	1	29	28	26	50	18	21	3	35
Архангельская область	0	0	0	0	4	0	0	0	1	0	0	6	0	0	10	0	0	0	7	1	0	1	1	5	68	7	4	2	3	14	10	20	8	6	4	13	15	25	22	39	6	24	25	18	28	25	32	37	19
Камчатский край	0	0	0	0	0	0	0	0	0	0	2	0	0	0	3	0	5	0	0	0	0	11	8	0	5	7	7	15	15	6	3	23	85	8	38	24	16	5	25	28	8	1	2	3	10	13	8	14	20
Удмуртская Республика	0	2	0	0	0	0	0	0	0	1	0	0	4	0	0	2	0	2	0	6	8	15	16	4	4	26	26	34	9	17	15	9	5	5	5	11	9	7	27	43	18	12	0	1	7	18	19	6	0
Костромская область	0	0	1	0	0	1	0	0	0	5	0	1	0	0	3	3	0	3	0	0	9	11	9	6	13	4	11	7	16	16	17	11	10	22	13	18	16	14	12	13	12	15	18	22	10	14	15	12	18
Забайкальский край	0	0	0	0	0	0	0	0	0	0	0	0	0	3	0	0	0	4	6	0	0	14	2	3	1	9	7	11	3	9	10	7	6	7	6	5	20	21	12	31	17	23	16	8	10	33	39	20	22
Иркутская область	0	0	0	1	1	1	0	4	1	0	0	3	3	0	3	4	2	5	7	4	0	6	2	7	1	10	3	7	0	5	5	2	0	8	6	4	18	7	20	27	23	31	6	18	16	18	24	20	20
Омская область	0	0	0	3	0	0	4	2	0	1	0	0	4	1	0	2	0	2	1	0	2	1	3	5	2	3	5	4	8	1	4	4	9	11	5	10	10	9	11	34	30	6	11	15	22	34	23	30	23
Псковская область	2	0	0	0	3	0	0	0	0	0	0	1	4	0	2	0	0	0	5	0	6	5	5	5	2	8	6	4	4	15	12	17	14	4	14	7	4	24	18	1	18	12	17	27	7	16	15	20	11
Вологодская область	0	0	0	0	2	0	7	3	0	1	0	10	0	4	8	3	1	3	1	7	2	15	10	9	7	7	7	7	6	9	9	7	10	5	6	7	11	15	20	4	7	6	5	12	14	19	12	19	17
Томская область	1	0	0	1	0	0	0	0	0	0	0	0	0	1	0	0	0	0	4	7	0	6	0	3	5	4	4	6	9	7	7	1	9	5	6	2	8	5	17	9	19	13	2	14	15	19	69	15	17
Кемеровская область	1	0	0	0	0	0	0	0	0	0	0	2	0	2	0	4	1	0	2	0	1	3	4	4	9	6	6	9	11	9	6	21	4	4	3	12	2	14	11	13	0	14	18	6	10	19	18	9	9
Республика Адыгея	0	0	1	0	3	0	0	1	0	2	0	6	0	0	0	7	0	0	0	7	0	16	36	5	7	9	8	5	1	3	2	15	8	8	4	9	2	3	10	7	5	12	4	6	8	4	17	11	19
Республика Крым	0	7	1	0	0	1	0	0	2	0	2	1	1	1	3	3	0	2	1	0	2	3	3	3	2	0	1	0	5	2	4	10	2	1	9	10	3	8	4	1	6	17	32	8	9	12	4	9	7
Еврейская автономная область	0	0	0	0	0	0	0	0	3	0	0	0	0	3	0	2	0	0	1	0	0	1	6	3	1	2	21	9	14	14	6	0	15	12	5	6	7	3	9	2	3	5	6	11	5	4	6	3	24
Республика Карелия	0	0	0	0	0	0	0	0	0	0	0	2	0	0	0	0	0	0	1	0	4	1	1	6	4	8	3	0	5	2	5	2	12	6	1	3	8	7	4	4	2	12	9	13	3	20	12	11	5
Амурская область	0	0	0	1	0	0	0	0	0	3	0	0	0	0	0	0	2	11	0	0	0	3	2	3	2	4	0	3	2	3	5	3	4	1	5	10	11	5	7	5	14	8	6	11	12	5	12	17	13
Магаданская область	0	0	0	0	0	1	0	0	0	0	0	0	0	0	0	0	0	0	1	1	0	15	0	44	1	0	2	2	9	2	9	1	3	1	7	2	9	4	2	0	15	5	2	8	8	1	0	2	5
Республика Тыва	0	0	0	0	0	0	0	0	0	0	0	0	0	0	0	6	0	0	0	0	0	2	1	0	4	0	0	0	1	1	9	3	3	1	0	2	6	1	3	4	4	0	4	1	4	21	12	51	13
Севастополь	0	5	0	0	0	0	0	0	0	0	0	0	0	0	0	0	1	0	0	1	1	0	4	0	1	4	1	1	6	0	1	5	3	3	40	0	7	1	3	2	7	6	6	8	1	3	4	3	1
Курганская область	0	0	0	0	0	0	0	0	0	1	0	0	0	1	0	0	0	1	0	0	6	1	1	1	0	0	2	0	5	2	5	2	2	2	6	1	5	4	2	1	3	1	5	4	6	2	6	5	2
Республика Алтай	0	0	0	0	0	0	0	0	0	0	0	0	0	0	0	0	0	0	0	0	0	0	1	1	0	2	4	0	1	0	5	1	12	0	3	2	1	2	1	0	1	1	2	1	10	1	2	2	4
Ненецкий автономный округ	0	0	0	0	0	0	0	0	0	0	0	0	0	0	0	0	0	0	0	0	1	0	0	0	0	0	0	0	0	0	0	1	9	18	1	3	1	0	11	2	0	0	1	1	0	0	1	0	0
Сахалинская область	0	0	4	0	0	0	1	0	0	1	0	0	0	5	0	0	0	0	0	0	1	0	7	0	0	0	0	0	0	1	0	0	0	1	0	1	1	0	2	2	1	0	2	0	6	0	1	3	1
Чукотский автономный округ	0	0	0	0	0	0	0	0	0	0	0	0	0	0	0	0	0	0	0	0	1	0	1	0	0	0	0	4	0	5	1	3	2	0	0	0	2	3	1	0	1	1	1	0	1	2	1	0	4
